4294967278,386
122,5
122,4
122,3
122,2
122,1
121,5
121,4
121,3
121,2
121,1
4294967278,385
4294967278,384
120,4
120,3
120,2
120,1
119,4
119,3
119,2
119,1
118,5
118,4
118,3
118,2
118,1
4294967278,383
117,4
117,3
117,2
117,1
116,4
116,3
116,2
116,1
115,4
115,3
115,2
115,1
114,4
114,3
114,2
114,1
4294967294,472
113,5
113,4
113,3
113,2
113,1
112,5
112,4
112,3
112,2
112,1
4294967278,382
4294967279,323
4294967278,381
4294967278,380
111,4
111,3
111,2
111,1
110,4
110,3
110,2
110,1
109,5
109,4
109,3
109,2
109,1
4294967294,1418
11,5
4294967279,322
108,4
108,3
108,2
108,1
107,4
107,3
107,2
107,1
4294967279,321
106,4
106,3
106,2
106,1
105,4
105,3
105,2
105,1
104,4
104,3
104,2
104,1
4294967279,320
4294967278,379
103,4
103,3
103,2
103,1
102,4
4294967278,378
102,3
102,2
102,1
4294967278,377
101,4
101,3
101,2
101,1
100,4
100,3
100,2
100,1
99,4
99,3
99,2
99,1
4294967278,376
98,4
98,3
98,2
98,1
97,4
97,3
97,2
97,1
4294967279,575
96,4
96,3
96,2
96,1
95,4
95,3
95,2
95,1
94,4
94,3
94,2
94,1
92,4
92,3
92,2
92,1
93,4
93,3
93,2
93,1
4294967279,574
4294967278,375
4294967278,374
91,4
91,3
91,2
91,1
90,4
90,3
90,2
90,1
89,4
89,3
89,2
89,1
88,4
88,3
88,2
88,1
87,4
87,3
87,2
87,1
4294967279,573
86,4
86,3
86,2
86,1
4294967279,572
85,4
85,3
85,2
85,1
84,4
84,3
84,2
84,1
4294967278,373
4294967279,571
4294967279,570
4294967278,372
4294967278,371
83,4
83,3
83,2
83,1
82,4
82,3
82,2
82,1
4294967278,370
4294967279,569
81,4
81,3
81,2
81,1
80,4
80,3
80,2
80,1
79,4
79,3
79,2
79,1
4294967278,369
4294967278,368
4294967278,367
4294967279,568
78,4
78,3
78,2
78,1
77,4
77,3
77,2
77,1
4294967279,567
4294967278,366
4294967279,566
4294967279,565
4294967278,365
76,4
76,3
76,2
76,1
4294967278,364
75,4
75,3
75,2
75,1
74,4
74,3
74,2
74,1
4294967278,363
4294967278,362
73,4
73,3
73,2
73,1
72,4
72,3
72,2
4294967279,564
72,1
4294967278,361
71,4
71,3
71,2
71,1
4294967279,563
70,4
70,3
70,2
70,1
69,4
69,3
69,2
69,1
4294967279,562
4294967278,360
4294967278,359
4294967279,561
68,4
68,3
68,2
68,1
67,4
67,3
67,2
67,1
4294967279,560
4294967278,358
66,4
66,3
66,2
66,1
4294967278,357
65,4
65,3
65,2
65,1
64,4
64,3
64,2
64,1
4294967278,356
4294967279,559
4294967279,558
4294967279,557
63,4
63,3
63,2
63,1
4294967279,556
62,4
4294967279,555
62,3
62,2
62,1
61,4
61,3
61,2
61,1
60,4
60,3
60,2
60,1
4294967279,554
59,4
59,3
59,2
59,1
4294967279,553
4294967278,355
4294967279,552
4294967279,551
58,4
58,3
58,2
58,1
4294967278,354
4294967278,353
57,4
57,3
57,2
57,1
4294967279,550
56,4
56,3
56,2
56,1
4294967278,352
55,4
55,3
55,2
55,1
4294967278,351
54,4
54,3
54,2
54,1
4294967278,350
53,4
53,3
53,2
53,1
52,4
52,3
52,2
52,1
4294967279,549
51,4
4294967279,548
51,3
51,2
51,1
4294967279,547
4294967279,546
4294967278,349
4294967279,545
4294967278,348
50,4
4294967279,544
50,3
50,2
50,1
4294967279,543
49,4
49,3
49,2
49,1
4294967279,542
4294967279,541
48,4
48,3
48,2
48,1
47,4
47,3
47,2
47,1
4294967279,540
4294967279,539
46,4
46,3
46,2
46,1
4294967278,347
4294967278,346
45,4
45,3
45,2
45,1
4294967278,345
44,4
44,3
44,2
44,1
4294967278,344
4294967294,1419
4294967279,538
4294967278,343
4294967278,342
4294967279,537
4294967278,341
4294967278,340
43,4
43,3
43,2
43,1
42,4
42,3
42,2
42,1
4294967279,536
4294967279,535
4294967278,339
4294967279,534
41,4
41,3
41,2
41,1
4294967279,533
40,4
40,3
40,2
40,1
4294967279,532
39,4
39,3
39,2
39,1
4294967279,531
4294967294,437
4294967279,530
4294967278,338
4294967279,529
4294967278,337
4294967278,336
4294967278,335
4294967278,334
4294967279,528
4294967278,333
4294967279,527
4294967278,332
